"paper","year","threats","threats_label"
"http://orkg.org/orkg/resource/R192345","2021","http://orkg.org/orkg/resource/R192353","conclusion, construct, internal, external"
"http://orkg.org/orkg/resource/R193308","2021","http://orkg.org/orkg/resource/R192353","conclusion, construct, internal, external"
"http://orkg.org/orkg/resource/R193385","2020","http://orkg.org/orkg/resource/R192353","conclusion, construct, internal, external"
"http://orkg.org/orkg/resource/R193929","2020","http://orkg.org/orkg/resource/R192353","conclusion, construct, internal, external"
"http://orkg.org/orkg/resource/R194114","2020","http://orkg.org/orkg/resource/R192353","conclusion, construct, internal, external"
"http://orkg.org/orkg/resource/R194401","2019","http://orkg.org/orkg/resource/R192353","conclusion, construct, internal, external"
"http://orkg.org/orkg/resource/R194458","2019","http://orkg.org/orkg/resource/R192353","conclusion, construct, internal, external"
"http://orkg.org/orkg/resource/R194610","2019","http://orkg.org/orkg/resource/R192353","conclusion, construct, internal, external"
"http://orkg.org/orkg/resource/R194922","2018","http://orkg.org/orkg/resource/R192353","conclusion, construct, internal, external"
"http://orkg.org/orkg/resource/R195182","2018","http://orkg.org/orkg/resource/R192353","conclusion, construct, internal, external"
"http://orkg.org/orkg/resource/R195201","2018","http://orkg.org/orkg/resource/R192353","conclusion, construct, internal, external"
"http://orkg.org/orkg/resource/R112434","2017","http://orkg.org/orkg/resource/R192353","conclusion, construct, internal, external"
"http://orkg.org/orkg/resource/R195713","2017","http://orkg.org/orkg/resource/R192353","conclusion, construct, internal, external"
"http://orkg.org/orkg/resource/R195789","2017","http://orkg.org/orkg/resource/R192353","conclusion, construct, internal, external"
"http://orkg.org/orkg/resource/R195986","2017","http://orkg.org/orkg/resource/R192353","conclusion, construct, internal, external"
"http://orkg.org/orkg/resource/R196033","2017","http://orkg.org/orkg/resource/R192353","conclusion, construct, internal, external"
"http://orkg.org/orkg/resource/R198689","2016","http://orkg.org/orkg/resource/R192353","conclusion, construct, internal, external"
"http://orkg.org/orkg/resource/R198797","2016","http://orkg.org/orkg/resource/R192353","conclusion, construct, internal, external"
"http://orkg.org/orkg/resource/R74547","2016","http://orkg.org/orkg/resource/R192353","conclusion, construct, internal, external"
"http://orkg.org/orkg/resource/R198979","2016","http://orkg.org/orkg/resource/R192353","conclusion, construct, internal, external"
"http://orkg.org/orkg/resource/R200119","2015","http://orkg.org/orkg/resource/R192353","conclusion, construct, internal, external"
"http://orkg.org/orkg/resource/R211467","2014","http://orkg.org/orkg/resource/R192353","conclusion, construct, internal, external"
"http://orkg.org/orkg/resource/R220390","2013","http://orkg.org/orkg/resource/R192353","conclusion, construct, internal, external"
"http://orkg.org/orkg/resource/R220605","2013","http://orkg.org/orkg/resource/R192353","conclusion, construct, internal, external"
"http://orkg.org/orkg/resource/R220643","2013","http://orkg.org/orkg/resource/R192353","conclusion, construct, internal, external"
"http://orkg.org/orkg/resource/R220845","2012","http://orkg.org/orkg/resource/R192353","conclusion, construct, internal, external"
"http://orkg.org/orkg/resource/R221821","2012","http://orkg.org/orkg/resource/R192353","conclusion, construct, internal, external"
"http://orkg.org/orkg/resource/R228189","2022","http://orkg.org/orkg/resource/R192353","conclusion, construct, internal, external"
"http://orkg.org/orkg/resource/R228211","2022","http://orkg.org/orkg/resource/R192353","conclusion, construct, internal, external"
"http://orkg.org/orkg/resource/R229340","2022","http://orkg.org/orkg/resource/R192353","conclusion, construct, internal, external"
"http://orkg.org/orkg/resource/R256580","2011","http://orkg.org/orkg/resource/R192353","conclusion, construct, internal, external"
"http://orkg.org/orkg/resource/R265019","2011","http://orkg.org/orkg/resource/R192353","conclusion, construct, internal, external"
"http://orkg.org/orkg/resource/R159690","2011","http://orkg.org/orkg/resource/R192353","conclusion, construct, internal, external"
"http://orkg.org/orkg/resource/R276015","2011","http://orkg.org/orkg/resource/R192353","conclusion, construct, internal, external"
"http://orkg.org/orkg/resource/R279086","2010","http://orkg.org/orkg/resource/R192353","conclusion, construct, internal, external"
"http://orkg.org/orkg/resource/R279116","2010","http://orkg.org/orkg/resource/R192353","conclusion, construct, internal, external"
"http://orkg.org/orkg/resource/R280375","2010","http://orkg.org/orkg/resource/R192353","conclusion, construct, internal, external"
"http://orkg.org/orkg/resource/R280498","2010","http://orkg.org/orkg/resource/R192353","conclusion, construct, internal, external"
"http://orkg.org/orkg/resource/R280738","2009","http://orkg.org/orkg/resource/R192353","conclusion, construct, internal, external"
"http://orkg.org/orkg/resource/R281194","2009","http://orkg.org/orkg/resource/R192353","conclusion, construct, internal, external"
"http://orkg.org/orkg/resource/R192428","2021","http://orkg.org/orkg/resource/R192434","threats"
"http://orkg.org/orkg/resource/R193025","2021","http://orkg.org/orkg/resource/R192434","threats"
"http://orkg.org/orkg/resource/R193336","2021","http://orkg.org/orkg/resource/R192453","internal, external"
"http://orkg.org/orkg/resource/R193371","2020","http://orkg.org/orkg/resource/R192453","internal, external"
"http://orkg.org/orkg/resource/R194093","2020","http://orkg.org/orkg/resource/R192453","internal, external"
"http://orkg.org/orkg/resource/R194139","2020","http://orkg.org/orkg/resource/R192453","internal, external"
"http://orkg.org/orkg/resource/R194253","2019","http://orkg.org/orkg/resource/R192453","internal, external"
"http://orkg.org/orkg/resource/R194414","2019","http://orkg.org/orkg/resource/R192453","internal, external"
"http://orkg.org/orkg/resource/R195113","2018","http://orkg.org/orkg/resource/R192453","internal, external"
"http://orkg.org/orkg/resource/R195153","2018","http://orkg.org/orkg/resource/R192453","internal, external"
"http://orkg.org/orkg/resource/R195179","2018","http://orkg.org/orkg/resource/R192453","internal, external"
"http://orkg.org/orkg/resource/R195218","2018","http://orkg.org/orkg/resource/R192453","internal, external"
"http://orkg.org/orkg/resource/R78432","2016","http://orkg.org/orkg/resource/R192453","internal, external"
"http://orkg.org/orkg/resource/R199028","2015","http://orkg.org/orkg/resource/R192453","internal, external"
"http://orkg.org/orkg/resource/R211394","2014","http://orkg.org/orkg/resource/R192453","internal, external"
"http://orkg.org/orkg/resource/R220364","2013","http://orkg.org/orkg/resource/R192453","internal, external"
"http://orkg.org/orkg/resource/R220538","2013","http://orkg.org/orkg/resource/R192453","internal, external"
"http://orkg.org/orkg/resource/R220624","2013","http://orkg.org/orkg/resource/R192453","internal, external"
"http://orkg.org/orkg/resource/R220629","2013","http://orkg.org/orkg/resource/R192453","internal, external"
"http://orkg.org/orkg/resource/R220881","2012","http://orkg.org/orkg/resource/R192453","internal, external"
"http://orkg.org/orkg/resource/R221176","2012","http://orkg.org/orkg/resource/R192453","internal, external"
"http://orkg.org/orkg/resource/R222375","2012","http://orkg.org/orkg/resource/R192453","internal, external"
"http://orkg.org/orkg/resource/R228229","2022","http://orkg.org/orkg/resource/R192453","internal, external"
"http://orkg.org/orkg/resource/R265006","2011","http://orkg.org/orkg/resource/R192453","internal, external"
"http://orkg.org/orkg/resource/R254508","2011","http://orkg.org/orkg/resource/R192453","internal, external"
"http://orkg.org/orkg/resource/R280481","2010","http://orkg.org/orkg/resource/R192453","internal, external"
"http://orkg.org/orkg/resource/R280798","2009","http://orkg.org/orkg/resource/R192453","internal, external"
"http://orkg.org/orkg/resource/R283069","2009","http://orkg.org/orkg/resource/R192453","internal, external"
"http://orkg.org/orkg/resource/R192445","2021","http://orkg.org/orkg/resource/R193051","internal, external, construct"
"http://orkg.org/orkg/resource/R193044","2021","http://orkg.org/orkg/resource/R193051","internal, external, construct"
"http://orkg.org/orkg/resource/R193473","2020","http://orkg.org/orkg/resource/R193051","internal, external, construct"
"http://orkg.org/orkg/resource/R193798","2021","http://orkg.org/orkg/resource/R193051","internal, external, construct"
"http://orkg.org/orkg/resource/R193828","2021","http://orkg.org/orkg/resource/R193051","internal, external, construct"
"http://orkg.org/orkg/resource/R193898","2020","http://orkg.org/orkg/resource/R193051","internal, external, construct"
"http://orkg.org/orkg/resource/R194084","2020","http://orkg.org/orkg/resource/R193051","internal, external, construct"
"http://orkg.org/orkg/resource/R194281","2019","http://orkg.org/orkg/resource/R193051","internal, external, construct"
"http://orkg.org/orkg/resource/R194345","2019","http://orkg.org/orkg/resource/R193051","internal, external, construct"
"http://orkg.org/orkg/resource/R194445","2019","http://orkg.org/orkg/resource/R193051","internal, external, construct"
"http://orkg.org/orkg/resource/R194698","2018","http://orkg.org/orkg/resource/R193051","internal, external, construct"
"http://orkg.org/orkg/resource/R194884","2019","http://orkg.org/orkg/resource/R193051","internal, external, construct"
"http://orkg.org/orkg/resource/R195124","2018","http://orkg.org/orkg/resource/R193051","internal, external, construct"
"http://orkg.org/orkg/resource/R195129","2018","http://orkg.org/orkg/resource/R193051","internal, external, construct"
"http://orkg.org/orkg/resource/R76792","2017","http://orkg.org/orkg/resource/R193051","internal, external, construct"
"http://orkg.org/orkg/resource/R195551","2017","http://orkg.org/orkg/resource/R193051","internal, external, construct"
"http://orkg.org/orkg/resource/R195587","2017","http://orkg.org/orkg/resource/R193051","internal, external, construct"
"http://orkg.org/orkg/resource/R195679","2017","http://orkg.org/orkg/resource/R193051","internal, external, construct"
"http://orkg.org/orkg/resource/R195728","2017","http://orkg.org/orkg/resource/R193051","internal, external, construct"
"http://orkg.org/orkg/resource/R196021","2017","http://orkg.org/orkg/resource/R193051","internal, external, construct"
"http://orkg.org/orkg/resource/R196070","2017","http://orkg.org/orkg/resource/R193051","internal, external, construct"
"http://orkg.org/orkg/resource/R198681","2016","http://orkg.org/orkg/resource/R193051","internal, external, construct"
"http://orkg.org/orkg/resource/R111988","2016","http://orkg.org/orkg/resource/R193051","internal, external, construct"
"http://orkg.org/orkg/resource/R198856","2016","http://orkg.org/orkg/resource/R193051","internal, external, construct"
"http://orkg.org/orkg/resource/R198972","2016","http://orkg.org/orkg/resource/R193051","internal, external, construct"
"http://orkg.org/orkg/resource/R199136","2015","http://orkg.org/orkg/resource/R193051","internal, external, construct"
"http://orkg.org/orkg/resource/R200049","2015","http://orkg.org/orkg/resource/R193051","internal, external, construct"
"http://orkg.org/orkg/resource/R200098","2015","http://orkg.org/orkg/resource/R193051","internal, external, construct"
"http://orkg.org/orkg/resource/R211188","2014","http://orkg.org/orkg/resource/R193051","internal, external, construct"
"http://orkg.org/orkg/resource/R211302","2014","http://orkg.org/orkg/resource/R193051","internal, external, construct"
"http://orkg.org/orkg/resource/R211327","2014","http://orkg.org/orkg/resource/R193051","internal, external, construct"
"http://orkg.org/orkg/resource/R211459","2014","http://orkg.org/orkg/resource/R193051","internal, external, construct"
"http://orkg.org/orkg/resource/R211474","2014","http://orkg.org/orkg/resource/R193051","internal, external, construct"
"http://orkg.org/orkg/resource/R220303","2013","http://orkg.org/orkg/resource/R193051","internal, external, construct"
"http://orkg.org/orkg/resource/R220314","2013","http://orkg.org/orkg/resource/R193051","internal, external, construct"
"http://orkg.org/orkg/resource/R220343","2013","http://orkg.org/orkg/resource/R193051","internal, external, construct"
"http://orkg.org/orkg/resource/R220611","2013","http://orkg.org/orkg/resource/R193051","internal, external, construct"
"http://orkg.org/orkg/resource/R220633","2013","http://orkg.org/orkg/resource/R193051","internal, external, construct"
"http://orkg.org/orkg/resource/R221137","2012","http://orkg.org/orkg/resource/R193051","internal, external, construct"
"http://orkg.org/orkg/resource/R225580","2012","http://orkg.org/orkg/resource/R193051","internal, external, construct"
"http://orkg.org/orkg/resource/R227514","2022","http://orkg.org/orkg/resource/R193051","internal, external, construct"
"http://orkg.org/orkg/resource/R227533","2022","http://orkg.org/orkg/resource/R193051","internal, external, construct"
"http://orkg.org/orkg/resource/R228262","2022","http://orkg.org/orkg/resource/R193051","internal, external, construct"
"http://orkg.org/orkg/resource/R280486","2010","http://orkg.org/orkg/resource/R193051","internal, external, construct"
"http://orkg.org/orkg/resource/R193341","2021","http://orkg.org/orkg/resource/R193356","conclusion, internal, external"
"http://orkg.org/orkg/resource/R113160","2018","http://orkg.org/orkg/resource/R193356","conclusion, internal, external"
"http://orkg.org/orkg/resource/R197609","2017","http://orkg.org/orkg/resource/R193356","conclusion, internal, external"
"http://orkg.org/orkg/resource/R280765","2009","http://orkg.org/orkg/resource/R193356","conclusion, internal, external"
"http://orkg.org/orkg/resource/R211438","2014","http://orkg.org/orkg/resource/R193895","construct, internal"
"http://orkg.org/orkg/resource/R220583","2013","http://orkg.org/orkg/resource/R193895","construct, internal"
"http://orkg.org/orkg/resource/R220798","2013","http://orkg.org/orkg/resource/R193895","construct, internal"
"http://orkg.org/orkg/resource/R280347","2010","http://orkg.org/orkg/resource/R193895","construct, internal"
"http://orkg.org/orkg/resource/R193467","2020","http://orkg.org/orkg/resource/R193917","external, construct, reliability"
"http://orkg.org/orkg/resource/R195224","2018","http://orkg.org/orkg/resource/R193917","external, construct, reliability"
"http://orkg.org/orkg/resource/R211198","2014","http://orkg.org/orkg/resource/R193917","external, construct, reliability"
"http://orkg.org/orkg/resource/R220874","2012","http://orkg.org/orkg/resource/R193917","external, construct, reliability"
"http://orkg.org/orkg/resource/R221147","2012","http://orkg.org/orkg/resource/R193917","external, construct, reliability"
"http://orkg.org/orkg/resource/R279126","2010","http://orkg.org/orkg/resource/R193917","external, construct, reliability"
"http://orkg.org/orkg/resource/R279141","2010","http://orkg.org/orkg/resource/R193917","external, construct, reliability"
"http://orkg.org/orkg/resource/R280811","2009","http://orkg.org/orkg/resource/R193917","external, construct, reliability"
"http://orkg.org/orkg/resource/R281188","2009","http://orkg.org/orkg/resource/R193917","external, construct, reliability"
"http://orkg.org/orkg/resource/R193441","2020","http://orkg.org/orkg/resource/R194382","construct, internal, external, reliability"
"http://orkg.org/orkg/resource/R194373","2019","http://orkg.org/orkg/resource/R194382","construct, internal, external, reliability"
"http://orkg.org/orkg/resource/R194474","2019","http://orkg.org/orkg/resource/R194382","construct, internal, external, reliability"
"http://orkg.org/orkg/resource/R194686","2018","http://orkg.org/orkg/resource/R194382","construct, internal, external, reliability"
"http://orkg.org/orkg/resource/R194954","2018","http://orkg.org/orkg/resource/R194382","construct, internal, external, reliability"
"http://orkg.org/orkg/resource/R211411","2014","http://orkg.org/orkg/resource/R194382","construct, internal, external, reliability"
"http://orkg.org/orkg/resource/R193818","2021","http://orkg.org/orkg/resource/R194851","non"
"http://orkg.org/orkg/resource/R193925","2020","http://orkg.org/orkg/resource/R194851","non"
"http://orkg.org/orkg/resource/R194870","2019","http://orkg.org/orkg/resource/R194851","non"
"http://orkg.org/orkg/resource/R194875","2019","http://orkg.org/orkg/resource/R194851","non"
"http://orkg.org/orkg/resource/R194895","2019","http://orkg.org/orkg/resource/R194851","non"
"http://orkg.org/orkg/resource/R195023","2018","http://orkg.org/orkg/resource/R194851","non"
"http://orkg.org/orkg/resource/R195107","2018","http://orkg.org/orkg/resource/R194851","non"
"http://orkg.org/orkg/resource/R195173","2018","http://orkg.org/orkg/resource/R194851","non"
"http://orkg.org/orkg/resource/R195216","2018","http://orkg.org/orkg/resource/R194851","non"
"http://orkg.org/orkg/resource/R195519","2017","http://orkg.org/orkg/resource/R194851","non"
"http://orkg.org/orkg/resource/R195664","2017","http://orkg.org/orkg/resource/R194851","non"
"http://orkg.org/orkg/resource/R195669","2017","http://orkg.org/orkg/resource/R194851","non"
"http://orkg.org/orkg/resource/R195743","2017","http://orkg.org/orkg/resource/R194851","non"
"http://orkg.org/orkg/resource/R195767","2017","http://orkg.org/orkg/resource/R194851","non"
"http://orkg.org/orkg/resource/R195995","2017","http://orkg.org/orkg/resource/R194851","non"
"http://orkg.org/orkg/resource/R196065","2017","http://orkg.org/orkg/resource/R194851","non"
"http://orkg.org/orkg/resource/R198673","2016","http://orkg.org/orkg/resource/R194851","non"
"http://orkg.org/orkg/resource/R198724","2016","http://orkg.org/orkg/resource/R194851","non"
"http://orkg.org/orkg/resource/R198795","2016","http://orkg.org/orkg/resource/R194851","non"
"http://orkg.org/orkg/resource/R199162","2015","http://orkg.org/orkg/resource/R194851","non"
"http://orkg.org/orkg/resource/R211121","2014","http://orkg.org/orkg/resource/R194851","non"
"http://orkg.org/orkg/resource/R211137","2014","http://orkg.org/orkg/resource/R194851","non"
"http://orkg.org/orkg/resource/R211145","2014","http://orkg.org/orkg/resource/R194851","non"
"http://orkg.org/orkg/resource/R211177","2014","http://orkg.org/orkg/resource/R194851","non"
"http://orkg.org/orkg/resource/R211279","2014","http://orkg.org/orkg/resource/R194851","non"
"http://orkg.org/orkg/resource/R211283","2014","http://orkg.org/orkg/resource/R194851","non"
"http://orkg.org/orkg/resource/R211294","2014","http://orkg.org/orkg/resource/R194851","non"
"http://orkg.org/orkg/resource/R211361","2014","http://orkg.org/orkg/resource/R194851","non"
"http://orkg.org/orkg/resource/R211428","2014","http://orkg.org/orkg/resource/R194851","non"
"http://orkg.org/orkg/resource/R211485","2014","http://orkg.org/orkg/resource/R194851","non"
"http://orkg.org/orkg/resource/R211494","2014","http://orkg.org/orkg/resource/R194851","non"
"http://orkg.org/orkg/resource/R211502","2014","http://orkg.org/orkg/resource/R194851","non"
"http://orkg.org/orkg/resource/R220371","2013","http://orkg.org/orkg/resource/R194851","non"
"http://orkg.org/orkg/resource/R220378","2013","http://orkg.org/orkg/resource/R194851","non"
"http://orkg.org/orkg/resource/R220388","2013","http://orkg.org/orkg/resource/R194851","non"
"http://orkg.org/orkg/resource/R220618","2013","http://orkg.org/orkg/resource/R194851","non"
"http://orkg.org/orkg/resource/R220810","2013","http://orkg.org/orkg/resource/R194851","non"
"http://orkg.org/orkg/resource/R220823","2012","http://orkg.org/orkg/resource/R194851","non"
"http://orkg.org/orkg/resource/R220838","2012","http://orkg.org/orkg/resource/R194851","non"
"http://orkg.org/orkg/resource/R220892","2012","http://orkg.org/orkg/resource/R194851","non"
"http://orkg.org/orkg/resource/R221156","2012","http://orkg.org/orkg/resource/R194851","non"
"http://orkg.org/orkg/resource/R221163","2012","http://orkg.org/orkg/resource/R194851","non"
"http://orkg.org/orkg/resource/R221169","2012","http://orkg.org/orkg/resource/R194851","non"
"http://orkg.org/orkg/resource/R221183","2012","http://orkg.org/orkg/resource/R194851","non"
"http://orkg.org/orkg/resource/R221187","2012","http://orkg.org/orkg/resource/R194851","non"
"http://orkg.org/orkg/resource/R221801","2012","http://orkg.org/orkg/resource/R194851","non"
"http://orkg.org/orkg/resource/R221838","2012","http://orkg.org/orkg/resource/R194851","non"
"http://orkg.org/orkg/resource/R222366","2012","http://orkg.org/orkg/resource/R194851","non"
"http://orkg.org/orkg/resource/R222372","2012","http://orkg.org/orkg/resource/R194851","non"
"http://orkg.org/orkg/resource/R229316","2022","http://orkg.org/orkg/resource/R194851","non"
"http://orkg.org/orkg/resource/R229369","2022","http://orkg.org/orkg/resource/R194851","non"
"http://orkg.org/orkg/resource/R265028","2011","http://orkg.org/orkg/resource/R194851","non"
"http://orkg.org/orkg/resource/R249016","2011","http://orkg.org/orkg/resource/R194851","non"
"http://orkg.org/orkg/resource/R249021","2011","http://orkg.org/orkg/resource/R194851","non"
"http://orkg.org/orkg/resource/R276000","2011","http://orkg.org/orkg/resource/R194851","non"
"http://orkg.org/orkg/resource/R276005","2011","http://orkg.org/orkg/resource/R194851","non"
"http://orkg.org/orkg/resource/R276009","2011","http://orkg.org/orkg/resource/R194851","non"
"http://orkg.org/orkg/resource/R276020","2011","http://orkg.org/orkg/resource/R194851","non"
"http://orkg.org/orkg/resource/R276051","2011","http://orkg.org/orkg/resource/R194851","non"
"http://orkg.org/orkg/resource/R276059","2011","http://orkg.org/orkg/resource/R194851","non"
"http://orkg.org/orkg/resource/R279133","2010","http://orkg.org/orkg/resource/R194851","non"
"http://orkg.org/orkg/resource/R279136","2010","http://orkg.org/orkg/resource/R194851","non"
"http://orkg.org/orkg/resource/R279151","2010","http://orkg.org/orkg/resource/R194851","non"
"http://orkg.org/orkg/resource/R279158","2010","http://orkg.org/orkg/resource/R194851","non"
"http://orkg.org/orkg/resource/R280299","2010","http://orkg.org/orkg/resource/R194851","non"
"http://orkg.org/orkg/resource/R280303","2010","http://orkg.org/orkg/resource/R194851","non"
"http://orkg.org/orkg/resource/R280317","2010","http://orkg.org/orkg/resource/R194851","non"
"http://orkg.org/orkg/resource/R280329","2010","http://orkg.org/orkg/resource/R194851","non"
"http://orkg.org/orkg/resource/R280448","2010","http://orkg.org/orkg/resource/R194851","non"
"http://orkg.org/orkg/resource/R280521","2010","http://orkg.org/orkg/resource/R194851","non"
"http://orkg.org/orkg/resource/R280526","2010","http://orkg.org/orkg/resource/R194851","non"
"http://orkg.org/orkg/resource/R280529","2010","http://orkg.org/orkg/resource/R194851","non"
"http://orkg.org/orkg/resource/R280754","2009","http://orkg.org/orkg/resource/R194851","non"
"http://orkg.org/orkg/resource/R280758","2009","http://orkg.org/orkg/resource/R194851","non"
"http://orkg.org/orkg/resource/R280785","2009","http://orkg.org/orkg/resource/R194851","non"
"http://orkg.org/orkg/resource/R280789","2009","http://orkg.org/orkg/resource/R194851","non"
"http://orkg.org/orkg/resource/R280793","2009","http://orkg.org/orkg/resource/R194851","non"
"http://orkg.org/orkg/resource/R280818","2009","http://orkg.org/orkg/resource/R194851","non"
"http://orkg.org/orkg/resource/R281162","2009","http://orkg.org/orkg/resource/R194851","non"
"http://orkg.org/orkg/resource/R281166","2009","http://orkg.org/orkg/resource/R194851","non"
"http://orkg.org/orkg/resource/R281210","2009","http://orkg.org/orkg/resource/R194851","non"
"http://orkg.org/orkg/resource/R281215","2009","http://orkg.org/orkg/resource/R194851","non"
"http://orkg.org/orkg/resource/R283066","2009","http://orkg.org/orkg/resource/R194851","non"
"http://orkg.org/orkg/resource/R283077","2009","http://orkg.org/orkg/resource/R194851","non"
"http://orkg.org/orkg/resource/R283080","2009","http://orkg.org/orkg/resource/R194851","non"
"http://orkg.org/orkg/resource/R283089","2009","http://orkg.org/orkg/resource/R194851","non"
"http://orkg.org/orkg/resource/R283092","2009","http://orkg.org/orkg/resource/R194851","non"
"http://orkg.org/orkg/resource/R283095","2009","http://orkg.org/orkg/resource/R194851","non"
"http://orkg.org/orkg/resource/R283098","2008","http://orkg.org/orkg/resource/R194851","non"
"http://orkg.org/orkg/resource/R285771","2008","http://orkg.org/orkg/resource/R194851","non"
"http://orkg.org/orkg/resource/R285781","2008","http://orkg.org/orkg/resource/R194851","non"
"http://orkg.org/orkg/resource/R285805","2008","http://orkg.org/orkg/resource/R194851","non"
"http://orkg.org/orkg/resource/R285808","2008","http://orkg.org/orkg/resource/R194851","non"
"http://orkg.org/orkg/resource/R285813","2008","http://orkg.org/orkg/resource/R194851","non"
"http://orkg.org/orkg/resource/R193330","2021","http://orkg.org/orkg/resource/R194937","construct, external"
"http://orkg.org/orkg/resource/R194932","2018","http://orkg.org/orkg/resource/R194937","construct, external"
"http://orkg.org/orkg/resource/R199113","2015","http://orkg.org/orkg/resource/R194937","construct, external"
"http://orkg.org/orkg/resource/R227551","2022","http://orkg.org/orkg/resource/R194937","construct, external"
"http://orkg.org/orkg/resource/R113008","2017","http://orkg.org/orkg/resource/R195504","internal"
"http://orkg.org/orkg/resource/R198833","2016","http://orkg.org/orkg/resource/R195504","internal"
"http://orkg.org/orkg/resource/R211370","2014","http://orkg.org/orkg/resource/R195504","internal"
"http://orkg.org/orkg/resource/R76818","2018","http://orkg.org/orkg/resource/R195696","construct"
"http://orkg.org/orkg/resource/R195692","2017","http://orkg.org/orkg/resource/R195696","construct"
"http://orkg.org/orkg/resource/R249030","2011","http://orkg.org/orkg/resource/R195696","construct"
"http://orkg.org/orkg/resource/R195749","2017","http://orkg.org/orkg/resource/R195766","construct, internal, reliability"
"http://orkg.org/orkg/resource/R192398","2021","http://orkg.org/orkg/resource/R197397","mentioned"
"http://orkg.org/orkg/resource/R193035","2021","http://orkg.org/orkg/resource/R197397","mentioned"
"http://orkg.org/orkg/resource/R193089","2021","http://orkg.org/orkg/resource/R197397","mentioned"
"http://orkg.org/orkg/resource/R193108","2021","http://orkg.org/orkg/resource/R197397","mentioned"
"http://orkg.org/orkg/resource/R193295","2021","http://orkg.org/orkg/resource/R197397","mentioned"
"http://orkg.org/orkg/resource/R193357","2021","http://orkg.org/orkg/resource/R197397","mentioned"
"http://orkg.org/orkg/resource/R193406","2020","http://orkg.org/orkg/resource/R197397","mentioned"
"http://orkg.org/orkg/resource/R193418","2020","http://orkg.org/orkg/resource/R197397","mentioned"
"http://orkg.org/orkg/resource/R193481","2020","http://orkg.org/orkg/resource/R197397","mentioned"
"http://orkg.org/orkg/resource/R193849","2021","http://orkg.org/orkg/resource/R197397","mentioned"
"http://orkg.org/orkg/resource/R193866","2021","http://orkg.org/orkg/resource/R197397","mentioned"
"http://orkg.org/orkg/resource/R193920","2020","http://orkg.org/orkg/resource/R197397","mentioned"
"http://orkg.org/orkg/resource/R194125","2020","http://orkg.org/orkg/resource/R197397","mentioned"
"http://orkg.org/orkg/resource/R194237","2019","http://orkg.org/orkg/resource/R197397","mentioned"
"http://orkg.org/orkg/resource/R194317","2019","http://orkg.org/orkg/resource/R197397","mentioned"
"http://orkg.org/orkg/resource/R194360","2019","http://orkg.org/orkg/resource/R197397","mentioned"
"http://orkg.org/orkg/resource/R194425","2019","http://orkg.org/orkg/resource/R197397","mentioned"
"http://orkg.org/orkg/resource/R194428","2019","http://orkg.org/orkg/resource/R197397","mentioned"
"http://orkg.org/orkg/resource/R194431","2019","http://orkg.org/orkg/resource/R197397","mentioned"
"http://orkg.org/orkg/resource/R194607","2019","http://orkg.org/orkg/resource/R197397","mentioned"
"http://orkg.org/orkg/resource/R194905","2019","http://orkg.org/orkg/resource/R197397","mentioned"
"http://orkg.org/orkg/resource/R194974","2018","http://orkg.org/orkg/resource/R197397","mentioned"
"http://orkg.org/orkg/resource/R195005","2018","http://orkg.org/orkg/resource/R197397","mentioned"
"http://orkg.org/orkg/resource/R113204","2018","http://orkg.org/orkg/resource/R197397","mentioned"
"http://orkg.org/orkg/resource/R195144","2018","http://orkg.org/orkg/resource/R197397","mentioned"
"http://orkg.org/orkg/resource/R195495","2017","http://orkg.org/orkg/resource/R197397","mentioned"
"http://orkg.org/orkg/resource/R195513","2017","http://orkg.org/orkg/resource/R197397","mentioned"
"http://orkg.org/orkg/resource/R113067","2017","http://orkg.org/orkg/resource/R197397","mentioned"
"http://orkg.org/orkg/resource/R195578","2017","http://orkg.org/orkg/resource/R197397","mentioned"
"http://orkg.org/orkg/resource/R195806","2017","http://orkg.org/orkg/resource/R197397","mentioned"
"http://orkg.org/orkg/resource/R195849","2017","http://orkg.org/orkg/resource/R197397","mentioned"
"http://orkg.org/orkg/resource/R195857","2017","http://orkg.org/orkg/resource/R197397","mentioned"
"http://orkg.org/orkg/resource/R195866","2017","http://orkg.org/orkg/resource/R197397","mentioned"
"http://orkg.org/orkg/resource/R195982","2017","http://orkg.org/orkg/resource/R197397","mentioned"
"http://orkg.org/orkg/resource/R196046","2017","http://orkg.org/orkg/resource/R197397","mentioned"
"http://orkg.org/orkg/resource/R198663","2016","http://orkg.org/orkg/resource/R197397","mentioned"
"http://orkg.org/orkg/resource/R198877","2016","http://orkg.org/orkg/resource/R197397","mentioned"
"http://orkg.org/orkg/resource/R198904","2016","http://orkg.org/orkg/resource/R197397","mentioned"
"http://orkg.org/orkg/resource/R198944","2016","http://orkg.org/orkg/resource/R197397","mentioned"
"http://orkg.org/orkg/resource/R198994","2016","http://orkg.org/orkg/resource/R197397","mentioned"
"http://orkg.org/orkg/resource/R199014","2015","http://orkg.org/orkg/resource/R197397","mentioned"
"http://orkg.org/orkg/resource/R199023","2015","http://orkg.org/orkg/resource/R197397","mentioned"
"http://orkg.org/orkg/resource/R199039","2015","http://orkg.org/orkg/resource/R197397","mentioned"
"http://orkg.org/orkg/resource/R199123","2015","http://orkg.org/orkg/resource/R197397","mentioned"
"http://orkg.org/orkg/resource/R199149","2015","http://orkg.org/orkg/resource/R197397","mentioned"
"http://orkg.org/orkg/resource/R199158","2015","http://orkg.org/orkg/resource/R197397","mentioned"
"http://orkg.org/orkg/resource/R200045","2015","http://orkg.org/orkg/resource/R197397","mentioned"
"http://orkg.org/orkg/resource/R200106","2015","http://orkg.org/orkg/resource/R197397","mentioned"
"http://orkg.org/orkg/resource/R211096","2014","http://orkg.org/orkg/resource/R197397","mentioned"
"http://orkg.org/orkg/resource/R211106","2014","http://orkg.org/orkg/resource/R197397","mentioned"
"http://orkg.org/orkg/resource/R211154","2014","http://orkg.org/orkg/resource/R197397","mentioned"
"http://orkg.org/orkg/resource/R211351","2014","http://orkg.org/orkg/resource/R197397","mentioned"
"http://orkg.org/orkg/resource/R211380","2014","http://orkg.org/orkg/resource/R197397","mentioned"
"http://orkg.org/orkg/resource/R211404","2014","http://orkg.org/orkg/resource/R197397","mentioned"
"http://orkg.org/orkg/resource/R211452","2014","http://orkg.org/orkg/resource/R197397","mentioned"
"http://orkg.org/orkg/resource/R220383","2013","http://orkg.org/orkg/resource/R197397","mentioned"
"http://orkg.org/orkg/resource/R220831","2012","http://orkg.org/orkg/resource/R197397","mentioned"
"http://orkg.org/orkg/resource/R225574","2012","http://orkg.org/orkg/resource/R197397","mentioned"
"http://orkg.org/orkg/resource/R227465","2022","http://orkg.org/orkg/resource/R197397","mentioned"
"http://orkg.org/orkg/resource/R227482","2022","http://orkg.org/orkg/resource/R197397","mentioned"
"http://orkg.org/orkg/resource/R227501","2022","http://orkg.org/orkg/resource/R197397","mentioned"
"http://orkg.org/orkg/resource/R228222","2022","http://orkg.org/orkg/resource/R197397","mentioned"
"http://orkg.org/orkg/resource/R229273","2022","http://orkg.org/orkg/resource/R197397","mentioned"
"http://orkg.org/orkg/resource/R229375","2022","http://orkg.org/orkg/resource/R197397","mentioned"
"http://orkg.org/orkg/resource/R254495","2011","http://orkg.org/orkg/resource/R197397","mentioned"
"http://orkg.org/orkg/resource/R254521","2011","http://orkg.org/orkg/resource/R197397","mentioned"
"http://orkg.org/orkg/resource/R276045","2011","http://orkg.org/orkg/resource/R197397","mentioned"
"http://orkg.org/orkg/resource/R279079","2010","http://orkg.org/orkg/resource/R197397","mentioned"
"http://orkg.org/orkg/resource/R280308","2010","http://orkg.org/orkg/resource/R197397","mentioned"
"http://orkg.org/orkg/resource/R280335","2010","http://orkg.org/orkg/resource/R197397","mentioned"
"http://orkg.org/orkg/resource/R280412","2010","http://orkg.org/orkg/resource/R197397","mentioned"
"http://orkg.org/orkg/resource/R280747","2009","http://orkg.org/orkg/resource/R197397","mentioned"
"http://orkg.org/orkg/resource/R281172","2009","http://orkg.org/orkg/resource/R197397","mentioned"
"http://orkg.org/orkg/resource/R283106","2008","http://orkg.org/orkg/resource/R197397","mentioned"
"http://orkg.org/orkg/resource/R285790","2008","http://orkg.org/orkg/resource/R197397","mentioned"
"http://orkg.org/orkg/resource/R193022","2021","http://orkg.org/orkg/resource/R197403","non"
"http://orkg.org/orkg/resource/R196014","2017","http://orkg.org/orkg/resource/R197403","non"
"http://orkg.org/orkg/resource/R200042","2015","http://orkg.org/orkg/resource/R197403","non"
"http://orkg.org/orkg/resource/R264011","2011","http://orkg.org/orkg/resource/R197403","non"
"http://orkg.org/orkg/resource/R263000","2011","http://orkg.org/orkg/resource/R197403","non"
"http://orkg.org/orkg/resource/R194641","2020","http://orkg.org/orkg/resource/R197428","external"
"http://orkg.org/orkg/resource/R108199","2017","http://orkg.org/orkg/resource/R197428","external"
"http://orkg.org/orkg/resource/R195597","2017","http://orkg.org/orkg/resource/R197428","external"
"http://orkg.org/orkg/resource/R195998","2017","http://orkg.org/orkg/resource/R197428","external"
"http://orkg.org/orkg/resource/R196009","2017","http://orkg.org/orkg/resource/R197428","external"
"http://orkg.org/orkg/resource/R78392","2015","http://orkg.org/orkg/resource/R197428","external"
"http://orkg.org/orkg/resource/R279109","2010","http://orkg.org/orkg/resource/R197428","external"
"http://orkg.org/orkg/resource/R285776","2008","http://orkg.org/orkg/resource/R197428","external"
"http://orkg.org/orkg/resource/R194054","2020","http://orkg.org/orkg/resource/R197457","construct, conclusion"
"http://orkg.org/orkg/resource/R198706","2016","http://orkg.org/orkg/resource/R198715","internal, generalizability"
"http://orkg.org/orkg/resource/R199005","2015","http://orkg.org/orkg/resource/R198715","internal, generalizability"
"http://orkg.org/orkg/resource/R198808","2016","http://orkg.org/orkg/resource/R198810","construct, reliability, internal, external"
"http://orkg.org/orkg/resource/R220323","2013","http://orkg.org/orkg/resource/R198810","construct, reliability, internal, external"
"http://orkg.org/orkg/resource/R220354","2013","http://orkg.org/orkg/resource/R198810","construct, reliability, internal, external"
"http://orkg.org/orkg/resource/R220858","2012","http://orkg.org/orkg/resource/R198810","construct, reliability, internal, external"
"http://orkg.org/orkg/resource/R220898","2012","http://orkg.org/orkg/resource/R198810","construct, reliability, internal, external"
"http://orkg.org/orkg/resource/R276031","2011","http://orkg.org/orkg/resource/R198810","construct, reliability, internal, external"
"http://orkg.org/orkg/resource/R280511","2010","http://orkg.org/orkg/resource/R198810","construct, reliability, internal, external"
"http://orkg.org/orkg/resource/R193490","2020","http://orkg.org/orkg/resource/R198919","generalizability"
"http://orkg.org/orkg/resource/R198917","2016","http://orkg.org/orkg/resource/R198919","generalizability"
"http://orkg.org/orkg/resource/R200061","2015","http://orkg.org/orkg/resource/R198919","generalizability"
"http://orkg.org/orkg/resource/R198964","2016","http://orkg.org/orkg/resource/R198969","internal, construct, generalizability"
"http://orkg.org/orkg/resource/R211336","2014","http://orkg.org/orkg/resource/R211350","internal, external, content"
"http://orkg.org/orkg/resource/R225589","2012","http://orkg.org/orkg/resource/R225593","construct, external, conclusion"
"http://orkg.org/orkg/resource/R276024","2011","http://orkg.org/orkg/resource/R276027","construct, reliability"
"http://orkg.org/orkg/resource/R192386","2021","http://orkg.org/orkg/resource/R283019","generalizability, descriptive validity, theoretical validity, repeatability"
"http://orkg.org/orkg/resource/R193070","2021","http://orkg.org/orkg/resource/R285680","threats"
"http://orkg.org/orkg/resource/R285816","2008","http://orkg.org/orkg/resource/R285819","non"
